1 0
2 0
3 0
4 0
5 0
6 0
7 0
8 0
9 0
10 0
11 0
12 0
13 0
14 0
15 0
16 0
17 0
18 0
19 0
20 0
21 0
22 0
23 0
24 0
25 0
26 0
27 0
28 0
29 0
30 0
31 0
32 0
33 0
34 0
35 0
36 0
37 0
38 0
39 0
40 0
41 0
42 0
43 0
44 0
45 0
46 0
47 0
48 1
49 0
50 1
51 1
52 1
53 6
54 9
55 7
56 14
57 24
58 28
59 27
60 42
61 60
62 71
63 73
64 104
65 101
66 103
67 142
68 179
69 182
70 213
71 201
72 236
73 274
74 281
75 266
76 269
77 241
78 274
79 256
80 278
81 229
82 229
83 229
84 162
85 169
86 153
87 161
88 123
89 112
90 99
91 77
92 63
93 48
94 40
95 24
96 26
97 28
98 20
99 8
100 7
101 7
102 4
103 7
104 4
105 2
106 1
107 0
108 1
109 1
110 0
111 1
